+0.001400000000000 +1.000000000000000 -0.000106000000000 +1.000000000000000 +0.001122308088753 +1.000000000000000 +0.000971211764966 +1.000000000000000
+0.002130000000000 +0.000123000000000 +1.000000000000000 +0.000123000000000 +0.002095901891457 +0.000385611261154 +1.003532589841640 +0.000385611261154
-1.010000000000000 -0.006460000000000 +0.002590000000000 -0.006460000000000 -1.005928276155900 +0.003594765923316 +0.002640946489554 +0.003594765923316
+0.010500000000000 -0.006400000000000 +0.002510000000000 -0.006400000000000 -0.001464252542304 +0.005217401396396 +0.005407657694075 +0.005217401396396
-0.000134000000000 -0.000000326000000 -0.006620000000000 -0.000000326000000 -0.000377115117446 -0.000001215480304 +0.003474152693601 -0.000001215480304
-0.000006300000000 +0.000002460000000 -0.006320000000000 +0.000002460000000 +0.000008849291238 +0.000000156853614 +0.005343535095618 +0.000000156853614
+0.006370000000000 +0.000026800000000 -0.000059500000000 +0.000026800000000 -0.005228545886007 -0.000029336656446 +0.000000693917024 -0.000029336656446
-0.000054100000000 +0.000001060000000 +0.000122000000000 +0.000001060000000 -0.000052554745130 -0.000002604043705 +0.000385348967452 -0.000002604043705
+0.006490000000000 +0.000003670000000 -0.000014600000000 +0.000003670000000 -0.003617339731635 +0.000002572685066 +0.000011710798391 +0.000002572685066
-0.000067300000000 +0.000016500000000 -0.000015500000000 +0.000016500000000 -0.000007649010352 -0.000020253863017 +0.000028633894420 -0.000020253863017
-0.000002540000000 +0.000000000795000 +0.000027100000000 +0.000000000795000 -0.000000153731339 +0.000000000001368 -0.000029814259925 +0.000000000001368
-0.000000004230000 +0.000000000006270 +0.000001090000000 +0.000000000006270 -0.000000025404746 +0.000000000010462 -0.000002586267778 +0.000000000010462
+0.000000314000000 -0.000000000008720 +0.000004430000000 -0.000000000008720 +0.000001238487147 -0.000000000061064 +0.000001982634858 -0.000000000061064
+0.000000022700000 +0.000000000300000 +0.000015900000000 +0.000000000300000 -0.000000051723255 -0.000000000022358 -0.000019762814544 -0.000000000022358
-0.000000798000000 +0.000000000343000 -0.000000329000000 +0.000000000343000 +0.000002343606985 -0.000000000419070 -0.000001283019530 -0.000000000419070
-0.000003690000000 -0.000000000136000 -0.000000004360000 -0.000000000136000 -0.000002594247685 +0.000000000440208 +0.000000014540364 +0.000000000440208
-0.000016300000000 -0.000000000339000 +0.000000274000000 -0.000000000339000 +0.000020547193605 +0.000000000007714 -0.000000381187631 +0.000000000007714
+0.000000247000000 -0.000000000072900 +0.000002540000000 -0.000000000072900 -0.000000422040775 +0.000000000309381 +0.000000226438372 +0.000000000309381
-0.000026900000000 +0.000000002530000 +0.000000238000000 +0.000000002530000 +0.000029618496514 -0.000000003990784 -0.000000171950391 -0.000000003990784
+0.000000175000000 -0.000000000821000 +0.000000038200000 -0.000000000821000 +0.000000029263866 +0.000000000751931 -0.000000107335485 +0.000000000751931